----- FullDistanceMatrix -----
          0        1        2        3        4        5        6        7 
 0     0.00   342.38  6462.69  6401.42 10683.46 10569.96  4072.85  4087.13 
 1   342.38     0.00  6766.62  6703.08 10977.02 10862.77  4219.22  4242.05 
 2  6462.69  6766.62     0.00   112.29  4248.41  4139.71  4158.73  4042.73 
 3  6401.42  6703.08   112.29     0.00  4297.20  4187.17  4052.54  3936.68 
 4 10683.46 10977.02  4248.41  4297.20     0.00   122.59  7732.69  7632.27 
 5 10569.96 10862.77  4139.71  4187.17   122.59     0.00  7610.45  7510.11 
 6  4072.85  4219.22  4158.73  4052.54  7732.69  7610.45     0.00   116.97 
 7  4087.13  4242.05  4042.73  3936.68  7632.27  7510.11   116.97     0.00 
FullDistanceMatrix(i,j) = distance (km) from port i to port j.

