----- FullTravelTimeMatrixForClass -----
Vessel_Class_0
    0  1  2  3  4  5  6  7 
 0  0 13 12 12 12  9  9  9 
 1 13  0  6  6  6 10 10 10 
 2 12  6  0  1  1 13 13 13 
 3 12  6  1  0  1 12 12 12 
 4 12  6  1  1  0 12 12 12 
 5  9 10 13 12 12  0  1  1 
 6  9 10 13 12 12  1  0  1 
 7  9 10 13 12 12  1  1  0 
Vessel_Class_1
    0  1  2  3  4  5  6  7 
 0  0 14 13 13 13  9  9  9 
 1 14  0  6  6  6 10 11 11 
 2 13  6  0  1  1 13 14 14 
 3 13  6  1  0  1 13 13 13 
 4 13  6  1  1  0 13 13 13 
 5  9 10 13 13 13  0  1  1 
 6  9 11 14 13 13  1  0  1 
 7  9 11 14 13 13  1  1  0 
Vessel_Class_2
    0  1  2  3  4  5  6  7 
 0  0 15 14 13 13 10 10 10 
 1 15  0  7  6  6 11 11 12 
 2 14  7  0  1  1 14 15 15 
 3 13  6  1  0  1 14 14 14 
 4 13  6  1  1  0 14 14 14 
 5 10 11 14 14 14  0  1  1 
 6 10 11 15 14 14  1  0  1 
 7 10 12 15 14 14  1  1  0 
Vessel_Class_3
    0  1  2  3  4  5  6  7 
 0  0 16 15 14 14 10 10 10 
 1 16  0  7  7  7 12 12 12 
 2 15  7  0  1  1 15 16 16 
 3 14  7  1  0  1 14 15 15 
 4 14  7  1  1  0 15 15 15 
 5 10 12 15 14 15  0  1  1 
 6 10 12 16 15 15  1  0  1 
 7 10 12 16 15 15  1  1  0 
Vessel_Class_4
    0  1  2  3  4  5  6  7 
 0  0 17 16 15 15 11 11 11 
 1 17  0  8  7  7 13 13 13 
 2 16  8  0  1  1 16 17 17 
 3 15  7  1  0  1 16 16 16 
 4 15  7  1  1  0 16 16 16 
 5 11 13 16 16 16  0  1  1 
 6 11 13 17 16 16  1  0  1 
 7 11 13 17 16 16  1  1  0 
FullTravelTimeMatrixForClass(vc,i,j) = travel time (number of periods) for a vessel in vessel class vc to travel from port i to port j.

