----- FullDistanceMatrix -----
          0        1        2        3        4        5        6        7 
 0     0.00  9577.15  8925.19  8548.42  8563.44  6107.47  6138.19  6105.46 
 1  9577.15     0.00  4120.19  3792.02  3890.15  7022.01  7293.10  7358.27 
 2  8925.19  4120.19     0.00   499.23   426.81  9171.44  9434.22  9480.16 
 3  8548.42  3792.02   499.23     0.00   100.28  8672.23  8935.07  8981.07 
 4  8563.44  3890.15   426.81   100.28     0.00  8749.09  9011.35  9056.95 
 5  6107.47  7022.01  9171.44  8672.23  8749.09     0.00   274.04   336.36 
 6  6138.19  7293.10  9434.22  8935.07  9011.35   274.04     0.00    72.73 
 7  6105.46  7358.27  9480.16  8981.07  9056.95   336.36    72.73     0.00 
FullDistanceMatrix(i,j) = distance (km) from port i to port j.

