----- FullTravelTimeMatrixForClass -----
Vessel_Class_0
    0  1  2  3  4  5  6  7  8  9 10 11 12 
 0  0  1 13 13 20 20 19  8  8  8 12 11 11 
 1  1  0 13 13 20 20 19  9  9  9 12 11 11 
 2 13 13  0  1  8  7  7 10 10 10  6  6  6 
 3 13 13  1  0  8  8  7  9 10 10  6  6  6 
 4 20 20  8  8  0  2  2 17 17 17 10 11 11 
 5 20 20  7  8  2  0  1 16 16 16 10 11 11 
 6 19 19  7  7  2  1  0 15 16 16 10 10 10 
 7  8  9 10  9 17 16 15  0  1  1 13 12 12 
 8  8  9 10 10 17 16 16  1  0  1 13 12 13 
 9  8  9 10 10 17 16 16  1  1  0 13 12 12 
10 12 12  6  6 10 10 10 13 13 13  0  1  1 
11 11 11  6  6 11 11 10 12 12 12  1  0  1 
12 11 11  6  6 11 11 10 12 13 12  1  1  0 
Vessel_Class_1
    0  1  2  3  4  5  6  7  8  9 10 11 12 
 0  0  1 14 13 21 21 20  9  9  9 13 12 12 
 1  1  0 14 14 21 21 20  9  9  9 13 12 12 
 2 14 14  0  1  8  8  7 11 11 11  6  6  6 
 3 13 14  1  0  8  8  7 10 10 10  7  7  7 
 4 21 21  8  8  0  2  2 18 18 18 11 11 11 
 5 21 21  8  8  2  0  1 17 17 17 11 12 12 
 6 20 20  7  7  2  1  0 16 17 17 10 11 11 
 7  9  9 11 10 18 17 16  0  1  1 13 13 13 
 8  9  9 11 10 18 17 17  1  0  1 14 13 13 
 9  9  9 11 10 18 17 17  1  1  0 13 13 13 
10 13 13  6  7 11 11 10 13 14 13  0  1  1 
11 12 12  6  7 11 12 11 13 13 13  1  0  1 
12 12 12  6  7 11 12 11 13 13 13  1  1  0 
Vessel_Class_2
    0  1  2  3  4  5  6  7  8  9 10 11 12 
 0  0  1 15 14 22 22 22  9  9  9 13 13 13 
 1  1  0 15 15 23 23 22 10 10 10 14 13 13 
 2 15 15  0  1  8  8  8 11 12 12  6  7  7 
 3 14 15  1  0  9  9  8 11 11 11  7  7  7 
 4 22 23  8  9  0  2  2 19 19 19 11 12 12 
 5 22 23  8  9  2  0  1 18 18 18 12 12 12 
 6 22 22  8  8  2  1  0 17 18 18 11 12 12 
 7  9 10 11 11 19 18 17  0  1  1 14 14 14 
 8  9 10 12 11 19 18 18  1  0  1 14 14 14 
 9  9 10 12 11 19 18 18  1  1  0 14 14 14 
10 13 14  6  7 11 12 11 14 14 14  0  1  1 
11 13 13  7  7 12 12 12 14 14 14  1  0  1 
12 13 13  7  7 12 12 12 14 14 14  1  1  0 
Vessel_Class_3
    0  1  2  3  4  5  6  7  8  9 10 11 12 
 0  0  1 16 15 24 24 23 10 10 10 14 13 14 
 1  1  0 16 16 24 24 23 10 10 10 14 14 14 
 2 16 16  0  1  9  9  8 12 12 12  7  7  7 
 3 15 16  1  0  9  9  8 11 12 12  7  7  8 
 4 24 24  9  9  0  2  2 20 20 20 12 13 13 
 5 24 24  9  9  2  0  1 19 20 20 13 13 13 
 6 23 23  8  8  2  1  0 19 19 19 12 12 12 
 7 10 10 12 11 20 19 19  0  1  1 15 15 15 
 8 10 10 12 12 20 20 19  1  0  1 15 15 15 
 9 10 10 12 12 20 20 19  1  1  0 15 15 15 
10 14 14  7  7 12 13 12 15 15 15  0  1  1 
11 13 14  7  7 13 13 12 15 15 15  1  0  1 
12 14 14  7  8 13 13 12 15 15 15  1  1  0 
FullTravelTimeMatrixForClass(vc,i,j) = travel time (number of periods) for a vessel in vessel class vc to travel from port i to port j.

