----- FullDistanceMatrix -----
          0        1        2        3        4        5        6        7 
 0     0.00  9413.38  5793.62  5706.60  6065.24  8472.47  8444.53  8313.92 
 1  9413.38     0.00  7122.62  7066.99  6855.18  4255.78  4054.13  4176.42 
 2  5793.62  7122.62     0.00   106.45   371.01  9028.86  8880.93  8855.05 
 3  5706.60  7066.99   106.45     0.00   404.96  8937.47  8790.42  8763.44 
 4  6065.24  6855.18   371.01   404.96     0.00  8910.51  8757.19  8738.31 
 5  8472.47  4255.78  9028.86  8937.47  8910.51     0.00   203.50   177.71 
 6  8444.53  4054.13  8880.93  8790.42  8757.19   203.50     0.00   177.05 
 7  8313.92  4176.42  8855.05  8763.44  8738.31   177.71   177.05     0.00 
FullDistanceMatrix(i,j) = distance (km) from port i to port j.

