----- FullTravelTimeMatrixForClass -----
Vessel_Class_0
    0  1  2  3  4  5 
 0  0 13 10 10  6  6 
 1 13  0 10 10 12 12 
 2 10 10  0  1 14 13 
 3 10 10  1  0 13 13 
 4  6 12 14 13  0  1 
 5  6 12 13 13  1  0 
Vessel_Class_1
    0  1  2  3  4  5 
 0  0 14 11 10  6  6 
 1 14  0 10 10 12 12 
 2 11 10  0  1 14 14 
 3 10 10  1  0 14 14 
 4  6 12 14 14  0  1 
 5  6 12 14 14  1  0 
Vessel_Class_2
    0  1  2  3  4  5 
 0  0 14 12 11  7  7 
 1 14  0 11 11 13 13 
 2 12 11  0  1 15 15 
 3 11 11  1  0 15 15 
 4  7 13 15 15  0  1 
 5  7 13 15 15  1  0 
FullTravelTimeMatrixForClass(vc,i,j) = travel time (number of periods) for a vessel in vessel class vc to travel from port i to port j.

