----- FullTravelTimeMatrixForClass -----
Vessel_Class_0
    0  1  2  3  4  5  6  7 
 0  0 13  8  8  9 12 12 12 
 1 13  0 10 10 10  6  6  6 
 2  8 10  0  1  1 12 12 12 
 3  8 10  1  0  1 12 12 12 
 4  9 10  1  1  0 12 12 12 
 5 12  6 12 12 12  0  1  1 
 6 12  6 12 12 12  1  0  1 
 7 12  6 12 12 12  1  1  0 
Vessel_Class_1
    0  1  2  3  4  5  6  7 
 0  0 14  9  9  9 12 12 12 
 1 14  0 11 10 10  6  6  6 
 2  9 11  0  1  1 13 13 13 
 3  9 10  1  0  1 13 13 13 
 4  9 10  1  1  0 13 13 13 
 5 12  6 13 13 13  0  1  1 
 6 12  6 13 13 13  1  0  1 
 7 12  6 13 13 13  1  1  0 
Vessel_Class_2
    0  1  2  3  4  5  6  7 
 0  0 15  9  9 10 13 13 13 
 1 15  0 11 11 11  7  7  7 
 2  9 11  0  1  1 14 14 14 
 3  9 11  1  0  1 14 14 14 
 4 10 11  1  1  0 14 14 14 
 5 13  7 14 14 14  0  1  1 
 6 13  7 14 14 14  1  0  1 
 7 13  7 14 14 14  1  1  0 
Vessel_Class_3
    0  1  2  3  4  5  6  7 
 0  0 16 10 10 10 14 14 14 
 1 16  0 12 12 12  7  7  7 
 2 10 12  0  1  1 15 15 15 
 3 10 12  1  0  1 15 15 15 
 4 10 12  1  1  0 15 15 15 
 5 14  7 15 15 15  0  1  1 
 6 14  7 15 15 15  1  0  1 
 7 14  7 15 15 15  1  1  0 
FullTravelTimeMatrixForClass(vc,i,j) = travel time (number of periods) for a vessel in vessel class vc to travel from port i to port j.

