----- FullDistanceMatrix -----
          0        1        2        3        4        5 
 0     0.00  9289.48  7473.37  7101.33  4113.75  4002.71 
 1  9289.48     0.00  7078.30  6875.88  8501.67  8468.48 
 2  7473.37  7078.30     0.00   400.28  9918.12  9817.23 
 3  7101.33  6875.88   400.28     0.00  9517.91  9416.98 
 4  4113.75  8501.67  9918.12  9517.91     0.00   114.95 
 5  4002.71  8468.48  9817.23  9416.98   114.95     0.00 
FullDistanceMatrix(i,j) = distance (km) from port i to port j.

