----- FullDistanceMatrix -----
          0        1        2        3        4        5        6        7        8        9       10       11       12 
 0     0.00   242.51  8991.83  9116.23  5784.87  5707.59  5720.93 14830.78 14407.44 14285.51  7921.89  8553.92  8291.83 
 1   242.51     0.00  9210.13  9335.78  5853.31  5766.87  5786.91 15059.44 14635.37 14508.20  8164.38  8796.05  8534.21 
 2  8991.83  9210.13     0.00   166.21  6747.50  6975.91  6811.15  5985.93  5545.91  5319.27  4064.31  4471.49  4238.88 
 3  9116.23  9335.78   166.21     0.00  6913.62  7141.97  6977.21  5836.34  5397.13  5183.66  4028.40  4412.57  4188.65 
 4  5784.87  5853.31  6747.50  6913.62     0.00   240.44    89.20 12464.74 12022.46 11578.80  8557.26  9276.76  8945.91 
 5  5707.59  5766.87  6975.91  7141.97   240.44     0.00   165.19 12703.21 12260.83 11818.66  8725.33  9446.94  9116.07 
 6  5720.93  5786.91  6811.15  6977.21    89.20   165.19     0.00 12539.10 12096.66 11655.93  8584.58  9305.17  8974.29 
 7 14830.78 15059.44  5985.93  5836.34 12464.74 12703.21 12539.10     0.00   444.08  1133.00  7896.45  7701.14  7735.08 
 8 14407.44 14635.37  5545.91  5397.13 12022.46 12260.83 12096.66   444.08     0.00   856.03  7550.00  7381.86  7402.64 
 9 14285.51 14508.20  5319.27  5183.66 11578.80 11818.66 11655.93  1133.00   856.03     0.00  7773.86  7682.67  7667.96 
10  7921.89  8164.38  4064.31  4028.40  8557.26  8725.33  8584.58  7896.45  7550.00  7773.86     0.00   729.08   404.46 
11  8553.92  8796.05  4471.49  4412.57  9276.76  9446.94  9305.17  7701.14  7381.86  7682.67   729.08     0.00   330.88 
12  8291.83  8534.21  4238.88  4188.65  8945.91  9116.07  8974.29  7735.08  7402.64  7667.96   404.46   330.88     0.00 
FullDistanceMatrix(i,j) = distance (km) from port i to port j.

