----- FullDistanceMatrix -----
          0        1        2        3        4        5        6        7        8        9       10       11       12 
 0     0.00   257.12  9345.13  9187.54 14614.06 14524.36 14034.91  5958.26  5926.26  5841.80  8623.17  8088.87  8242.26 
 1   257.12     0.00  9499.78  9352.20 14753.33 14674.97 14183.41  6214.85  6183.26  6098.79  8678.53  8141.73  8291.23 
 2  9345.13  9499.78     0.00   488.67  5330.85  5182.47  4699.32  7147.69  7350.01  7339.13  3914.41  4020.19  4134.99 
 3  9187.54  9352.20   488.67     0.00  5599.53  5390.44  4923.68  6729.62  6933.00  6925.17  4284.83  4346.34  4474.28 
 4 14614.06 14753.33  5330.85  5599.53     0.00   785.97   847.50 12098.64 12303.43 12309.97  7230.30  7673.22  7653.36 
 5 14524.36 14674.97  5182.47  5390.44   785.97     0.00   511.45 11706.89 11910.80 11922.10  7497.09  7907.17  7906.24 
 6 14034.91 14183.41  4699.32  4923.68   847.50   511.45     0.00 11318.69 11523.13 11532.03  6995.96  7401.72  7402.97 
 7  5958.26  6214.85  7147.69  6729.62 12098.64 11706.89 11318.69     0.00   205.02   224.01  9090.62  8741.48  8938.86 
 8  5926.26  6183.26  7350.01  6933.00 12303.43 11910.80 11523.13   205.02     0.00    85.01  9261.71  8907.21  9104.66 
 9  5841.80  6098.79  7339.13  6925.17 12309.97 11922.10 11532.03   224.01    85.01     0.00  9217.48  8859.76  9057.23 
10  8623.17  8678.53  3914.41  4284.83  7230.30  7497.09  6995.96  9090.62  9261.71  9217.48     0.00   542.03   440.11 
11  8088.87  8141.73  4020.19  4346.34  7673.22  7907.17  7401.72  8741.48  8907.21  8859.76   542.03     0.00   197.47 
12  8242.26  8291.23  4134.99  4474.28  7653.36  7906.24  7402.97  8938.86  9104.66  9057.23   440.11   197.47     0.00 
FullDistanceMatrix(i,j) = distance (km) from port i to port j.

